[Pet Friendly,[0.11118616908788681,-0.13233298063278198,-0.7063130736351013,-0.5611326694488525,-0.36387109756469727,0.0014829384163022041,-0.6697804927825928,-0.14122842252254486,-0.014865469187498093,0.013159572146832943,0.24682468175888062,-0.17418183386325836,-0.29164257645606995,0.05228497460484505,0.22460129857063293]]
[Business Centre,[-0.2224941849708557,0.17019906640052795,-0.31212514638900757,-0.3372221291065216,0.3173176050186157,0.35786595940589905,-0.16878335177898407,0.5846127867698669,-0.7728233337402344,-0.17344777286052704,0.26002708077430725,-0.5674699544906616,0.026602862402796745,0.46104517579078674,-0.26610445976257324]]
[Business Hotel,[-0.3663240671157837,-0.013896429911255836,-0.3332923650741577,0.628143846988678,0.18323476612567902,-0.16365474462509155,-0.33767157793045044,-0.4922811985015869,-0.6862736940383911,-0.30893272161483765,0.360836923122406,0.41506755352020264,0.24205349385738373,-0.09995930641889572,0.5507431626319885]]
[Golf Course,[-0.312796950340271,0.05824773386120796,-0.1369076520204544,0.5833910703659058,-0.027570510283112526,0.19484016299247742,0.4981383979320526,-0.06520114094018936,0.07435799390077591,-0.7475505471229553,0.49695223569869995,-0.2647736966609955,0.5999046564102173,0.2150927633047104,-0.21015682816505432]]
[Satellite TV,[-0.4257541596889496,0.13312463462352753,-0.13324715197086334,0.6275436282157898,0.0763765275478363,0.072564035654068,0.16821815073490143,-0.35073068737983704,0.05642649531364441,-0.5493143796920776,0.100911945104599,-0.06266970932483673,0.534978449344635,0.11124968528747559,0.07878115773200989]]
[Massage,[-0.06938251852989197,-0.3489973247051239,0.05392894893884659,-0.8581424951553345,0.0946740135550499,-0.550832211971283,0.9267846345901489,-0.6122897267341614,-0.7175818681716919,-0.2517640292644501,-0.37445318698883057,0.27269110083580017,0.04204167053103447,-0.4149734377861023,-0.18342721462249756]]
[Central Heating,[-0.008919228799641132,-0.151950404047966,-0.34834790229797363,0.23390331864356995,-0.14663571119308472,0.03444572538137436,-0.8021103739738464,-0.4708879292011261,0.06008189916610718,0.15740124881267548,0.43340882658958435,0.03148222342133522,-0.1772582083940506,0.3258296549320221,0.1486775428056717]]
[Pousada (BR),[-0.1180666834115982,0.07334494590759277,-0.009720263071358204,-0.014293836429715157,-0.2644646167755127,0.27842384576797485,0.13345517218112946,-0.11413610726594925,0.31770867109298706,-0.7555721402168274,0.2738904058933258,-0.11009212583303452,-0.03734435886144638,-0.022062035277485847,0.35317474603652954]]
[Good Rating,[0.0579422228038311,0.43414172530174255,0.14077356457710266,-0.30976301431655884,-0.009171845391392708,-0.09907039254903793,0.11142747104167938,0.30336591601371765,-0.027077509090304375,0.04072795435786247,-0.027499733492732048,0.4357556998729706,0.10375531017780304,0.9883267283439636,0.5734266042709351]]
[Telephone,[-1.0637845993041992,-0.7690026164054871,-0.2140720933675766,-0.0016695773229002953,-0.04454769939184189,-0.4587475061416626,1.25448739528656,-0.21247248351573944,-0.26927071809768677,-0.07373512536287308,-0.6290338635444641,-0.2386222928762436,0.41504597663879395,0.38460519909858704,-0.5711439251899719]]
[Motel,[-0.00924617238342762,0.17956984043121338,-0.32301485538482666,0.2859913408756256,-0.03769414871931076,0.2051357477903366,0.035808540880680084,0.05165848508477211,-0.393191397190094,-0.31823986768722534,-0.6051262617111206,-0.27688896656036377,0.1605609506368637,0.05825313553214073,-0.30658942461013794]]
[Airport Shuttle,[0.014654619619250298,0.2767041027545929,-0.6243420839309692,-0.061381079256534576,-0.4159439206123352,0.12591205537319183,0.20797984302043915,-0.09676578640937805,-0.12852942943572998,-0.6615036725997925,-0.21092210710048676,-0.353191077709198,-0.16197873651981354,0.11538582295179367,0.0221870057284832]]
[Camping Site,[-0.4706432819366455,-0.07732897996902466,0.056616246700286865,0.3796747326850891,0.3486454486846924,-0.2735913097858429,-0.19885393977165222,-0.46945783495903015,0.07049693912267685,-0.004054908640682697,0.43191975355148315,0.41576680541038513,-0.27312910556793213,-0.08858188986778259,-0.05568479374051094]]
[Boutique Hotel,[0.22730310261249542,-0.39152663946151733,-0.639115035533905,-1.3459513187408447,-0.1565854698419571,-0.4689793884754181,-0.579101026058197,-0.3814992904663086,-0.13992036879062653,-0.014104149304330349,0.20032110810279846,-0.11383993923664093,-0.36260494589805603,-0.38918209075927734,0.7987275719642639]]
[Bungalows,[-0.36263445019721985,0.2564797103404999,-0.36303818225860596,0.24994146823883057,0.12807905673980713,0.010143470950424671,0.21126015484333038,-0.07786277681589127,-0.5276821255683899,-0.5964891314506531,-0.11662525683641434,-0.45503154397010803,0.003418493317440152,0.36208656430244446,-0.30128371715545654]]
[All Inclusive (Upon Inquiry),[-0.23740030825138092,0.5877321362495422,-0.7175583839416504,0.1407901793718338,0.19489037990570068,0.10968267917633057,-0.014290443621575832,0.08605965226888657,-0.7112602591514587,-0.7318676710128784,0.035263121128082275,-0.33174967765808105,0.28619566559791565,0.45032358169555664,0.026839246973395348]]
[Fan,[-0.09183310717344284,-0.2482789307832718,-0.40939775109291077,-0.617085874080658,-0.09304030239582062,0.13653568923473358,-0.4735510051250458,-0.1275736540555954,-0.06550173461437225,-0.06280914694070816,0.16597533226013184,-0.30271685123443604,-0.48051223158836365,-0.08396308869123459,0.49960628151893616]]
[Air Conditioning,[-0.1476050615310669,0.05428863689303398,-0.05873051658272743,-0.22645056247711182,-0.3863216042518616,-0.5679599046707153,0.5611114501953125,-0.3617960512638092,-0.3048587143421173,-0.38725313544273376,-0.4683097302913666,0.41149604320526123,0.33184850215911865,-0.19554032385349274,-0.8023841977119446]]
[Safe (Rooms),[-0.41718950867652893,-0.5475253462791443,0.08321454375982285,-0.7592761516571045,0.5162797570228577,-0.32736942172050476,0.6082378625869751,0.02644554153084755,0.213789701461792,0.5648118257522583,1.1576652526855469,-0.6248909831047058,-0.08315787464380264,0.08676786720752716,-0.24068212509155273]]
[Resort,[-0.4401123523712158,0.11860225349664688,0.051453299820423126,0.07935945689678192,-0.01520511507987976,0.13734151422977448,0.2189505398273468,-0.27712762355804443,0.08935116231441498,-0.7459017038345337,0.13711310923099518,-0.4605805277824402,0.06456172466278076,-0.1293746829032898,0.5918311476707458]]
