[Club Hotel,[-0.0053728194907307625,0.03767076134681702,0.20251227915287018,-0.8172046542167664,0.4287404417991638,-0.3980896472930908,0.5892158150672913,-0.782228410243988,-0.7302377223968506,-0.005616151262074709,-0.2747449576854706,0.4235667586326599,-0.45678189396858215,-0.5799505710601807,-0.1313793659210205]]
[Lift,[0.4737313687801361,0.17833510041236877,-0.9513347744941711,0.0010186905274167657,-0.22064140439033508,0.057208217680454254,-0.8699603080749512,-0.18162330985069275,0.1491088718175888,0.010595317929983139,0.16584767401218414,0.006539073307067156,-0.11936968564987183,0.7384853959083557,0.03617008030414581]]
[4 Star,[-0.3589445650577545,-0.169117271900177,-0.4357447326183319,0.46096423268318176,0.34137797355651855,0.4526492655277252,-0.12511540949344635,-0.19699876010417938,-0.8902655839920044,-0.6827549934387207,-0.6519775390625,-0.4265308976173401,-0.020452331751585007,0.016597917303442955,0.3846239447593689]]
[Bathtub,[-0.004600298125296831,0.29476508498191833,-0.06260431557893753,-0.48482927680015564,0.1608637273311615,-0.16344353556632996,0.8229057192802429,-0.11371489614248276,-0.439997136592865,-0.41624683141708374,-0.6278648376464844,0.3497254252433777,-0.17996209859848022,-0.2059893012046814,0.13939258456230164]]
[Excellent Rating,[0.13021330535411835,0.1454739272594452,0.15427163243293762,0.1857912540435791,0.21744635701179504,0.10669537633657455,0.17535611987113953,-0.03255985304713249,-0.132711723446846,-0.37507712841033936,-0.15110525488853455,0.6142736673355103,-0.4584837555885315,0.33924153447151184,0.009433677420020103]]
[Sitting Area (Rooms),[-0.04176908731460571,0.4179576337337494,0.14399410784244537,-0.2372005581855774,0.37009939551353455,0.1245427131652832,-0.020625144243240356,0.34208905696868896,-0.3958399295806885,-0.4599505364894867,-0.4175454080104828,-0.006774127949029207,-0.27378904819488525,0.05276358500123024,0.1928899586200714]]
[Safe (Hotel),[-0.9739860892295837,-0.6541855931282043,-0.21902009844779968,0.23321044445037842,0.45205622911453247,-0.60004723072052,0.8669792413711548,-0.20798707008361816,0.02099119871854782,-0.3854658305644989,-0.31248772144317627,-0.32782086730003357,0.67863529920578,-0.4223010838031769,-0.551419734954834]]
[Room Service,[-0.4487675726413727,0.06563780456781387,-0.2081608921289444,0.30875420570373535,0.42243316769599915,0.03303208947181702,-0.5378236174583435,-0.6369403600692749,0.1505933403968811,0.28882214426994324,0.34820422530174255,0.3059209883213043,-0.08389098197221756,0.12017835676670074,0.36568528413772583]]
[2 Star,[0.05156012997031212,-0.2656909227371216,0.1290225386619568,-0.5827900171279907,0.08963139355182648,-0.45482590794563293,0.8014293909072876,-0.2968538701534271,-0.8033590912818909,-0.012846222147345543,-0.33216628432273865,0.4485110342502594,0.09959015250205994,-0.23604579269886017,-0.22869035601615906]]
[Tennis Court (Indoor),[-0.3518016040325165,-0.16986140608787537,-0.37029343843460083,-0.3050776422023773,0.47140729427337646,-0.10845380276441574,0.2507300078868866,0.08035644143819809,-0.38293734192848206,-0.1656539887189865,-0.011218586936593056,-0.4637060761451721,-0.1857173591852188,0.13657823204994202,-0.1702626794576645]]
[Swimming Pool (Outdoor),[0.10306693613529205,0.5987191796302795,-0.26669618487358093,-0.3309045732021332,0.5155853629112244,-0.22046338021755219,0.0065507967956364155,0.25680118799209595,0.7140229940414429,-0.32438185811042786,-0.39011266827583313,-0.01830187812447548,0.42863819003105164,0.560456395149231,0.4073580205440521]]
[Hydrotherapy,[-0.7076350450515747,-0.26956650614738464,0.08817241340875626,0.4886462390422821,0.912426233291626,-0.21043100953102112,-0.2902815639972687,-0.8622018098831177,0.11533228307962418,0.18998344242572784,0.23286016285419464,0.3762187957763672,-0.5778560042381287,-0.02708306908607483,0.21161143481731415]]
[Radio,[-0.36292964220046997,0.17525076866149902,-0.3045777976512909,0.46078500151634216,0.21556521952152252,0.38309046626091003,0.10086885839700699,-0.4487769603729248,-0.7146610617637634,-0.3916357457637787,-0.3092730939388275,-0.024737946689128876,0.04168080911040306,0.07159532606601715,0.060254864394664764]]
[Fitness,[-0.4899824857711792,-0.3717234432697296,-0.024964213371276855,-0.4818793833255768,0.8154438138008118,-0.2880570590496063,0.6762022972106934,0.11358647048473358,0.26752904057502747,0.6547734141349792,0.9322547912597656,-0.6289489269256592,-0.09310104697942734,0.12493884563446045,-0.007146565709263086]]
[Swimming Pool (Bar),[-0.0771985650062561,-0.6165340542793274,-0.1115114688873291,-0.8470945358276367,0.25008338689804077,-0.8033849000930786,1.0998297929763794,-1.041060209274292,-0.7363123893737793,-0.032815247774124146,-0.4947926998138428,0.21114110946655273,-0.004795657470822334,-0.5391284823417664,-0.5626702904701233]]
[Desk,[-0.3772090673446655,0.05012690648436546,-0.258757084608078,0.2395583838224411,0.033241722732782364,0.1019868403673172,0.3739031255245209,0.2936650812625885,-0.4879099130630493,-0.20023506879806519,0.031227219849824905,-0.032237548381090164,0.1919553577899933,0.007879499346017838,0.10271694511175156]]
[Guest House,[-0.3681511878967285,-0.02237864024937153,0.06942174583673477,0.5922011137008667,-0.011067895218729973,-0.17887698113918304,-0.16081678867340088,-0.6323873400688171,0.009561079554259777,0.005300347693264484,0.5286641716957092,0.49042877554893494,0.1118159294128418,-0.2343340367078781,0.3387244939804077]]
[Shower,[-0.31265291571617126,0.20255422592163086,-0.5673910975456238,0.6547276377677917,0.560798168182373,0.0158866997808218,-0.0424964614212513,-0.5286304354667664,-0.09785933047533035,-0.5238588452339172,-0.05312633886933327,0.21484151482582092,0.1590602546930313,0.0677567794919014,0.26950111985206604]]
[Kids' Club,[-0.36578497290611267,0.31297430396080017,-0.4153497815132141,0.21133790910243988,0.2584652304649353,0.08871696889400482,0.06056937575340271,-0.059128452092409134,-0.39445480704307556,-0.7834839224815369,0.12386584281921387,-0.5011839866638184,-3.4565164241939783E-4,0.4971076250076294,0.05570261552929878]]
[Pool Table,[0.0947985053062439,-0.14912578463554382,0.032716304063797,-0.8245090246200562,0.12648408114910126,-0.37149742245674133,0.9618334770202637,-0.544701874256134,-0.9148422479629517,-0.18752621114253998,-0.06638427823781967,0.38026779890060425,-0.0811343565583229,-0.31219416856765747,-0.15499529242515564]]
