[Luxury Hotel,[-0.4079246520996094,-0.09364140033721924,-0.2194303721189499,0.4796365797519684,0.3750249147415161,0.011877622455358505,-0.696998655796051,-0.6694526672363281,-0.007875804789364338,0.22610998153686523,0.3639637231826782,0.2222135365009308,0.23423856496810913,0.15710516273975372,0.16490978002548218]]
[Senior Travellers,[-0.3522700071334839,0.1534251868724823,-0.5929405093193054,0.0171522069722414,0.2075442224740982,-0.07150614261627197,-0.05427459627389908,0.07098964601755142,-0.4233739376068115,-0.4621480107307434,-0.3408343493938446,-0.5378573536872864,-0.06428351253271103,0.22615067660808563,-0.02066168375313282]]
[Boat Rental,[0.37280911207199097,0.5247049331665039,-0.013739198446273804,-0.7461951375007629,0.341762900352478,-0.0594853051006794,0.5704841017723083,0.3970559537410736,-0.4997255504131317,0.306771844625473,0.8814977407455444,-0.36332404613494873,-0.050595153123140335,0.2985497713088989,-0.5564947128295898]]
[Shooting Sports,[-0.25931158661842346,-0.40052253007888794,-0.07087739557027817,-0.5314416289329529,0.14720414578914642,-0.6928936839103699,0.9650857448577881,-0.8004950284957886,-0.5335373282432556,-0.13717837631702423,-0.39720770716667175,0.18452338874340057,0.07592262327671051,-0.4099734425544739,-0.6634203791618347]]
[Hostel,[0.4787159860134125,-0.053764600306749344,0.07809112966060638,-0.3493976891040802,0.1800566464662552,-0.21553634107112885,0.35082101821899414,0.5277681946754456,-0.25355061888694763,0.12054586410522461,0.3794289827346802,0.0020540403202176094,-0.3603273034095764,0.21398021280765533,-0.3227747976779938]]
[Free WiFi (Combined),[-0.09919068962335587,0.4855359196662903,-0.014010547660291195,-0.5834683179855347,0.21686778962612152,0.04265845566987991,0.20358386635780334,0.268564909696579,-0.08282343298196793,-0.30708134174346924,0.46623140573501587,-0.17444592714309692,0.1375584900379181,0.549365222454071,-0.6737686395645142]]
[Water Slide,[-0.09053247421979904,0.09949084371328354,0.08742748945951462,-0.11493514478206635,-0.03271383047103882,0.0017627220368012786,0.6773660778999329,-0.28811371326446533,-0.12486568838357925,-0.24330128729343414,-0.32540515065193176,-0.31844112277030945,-0.15824174880981445,-0.47731927037239075,-0.317502498626709]]
[Express Check-In / Check-Out,[-0.15249323844909668,0.2518121898174286,-0.24095767736434937,0.14023859798908234,0.2907179892063141,0.2394973784685135,-0.04564537853002548,0.21522334218025208,-0.2744050920009613,-0.5085763931274414,0.4866865277290344,-0.41069743037223816,0.10115079581737518,0.5456360578536987,-0.3645949959754944]]
[Spa Hotel,[-0.035335417836904526,0.3975299298763275,-0.46509137749671936,-0.6118030548095703,0.33816269040107727,-0.05727666988968849,-0.07779888063669205,0.29852500557899475,0.7228528261184692,-0.23806911706924438,-0.33496254682540894,-0.09767843782901764,0.4008735418319702,0.8507294654846191,0.6395725011825562]]
[Beach Bar,[0.237578347325325,-0.07485764473676682,-0.6575034260749817,-1.3726303577423096,0.02052687667310238,-0.44501441717147827,-0.32913386821746826,-0.4272826611995697,-0.1915198564529419,-0.23487091064453125,0.33703115582466125,0.03881159424781799,-0.4818737506866455,-0.313873291015625,0.9454768896102905]]
[5 Star,[0.10747677832841873,-0.006402113474905491,0.2880442440509796,-1.0760165452957153,0.47836920619010925,-0.5552308559417725,0.827467143535614,-0.8140867352485657,-1.0569325685501099,-0.06949862092733383,-0.16588546335697174,0.689462423324585,-0.43998247385025024,-0.5906831622123718,-0.15665104985237122]]
[Kosher Food,[-0.07932599633932114,0.26076582074165344,-0.2651228904724121,0.0985669493675232,0.053441815078258514,0.027640722692012787,-0.07114996761083603,0.07210483402013779,-0.4474412202835083,-0.6172388792037964,-0.08827856183052063,-0.2836490273475647,0.12568655610084534,0.3639492094516754,0.0567687563598156]]
[Flatscreen TV,[-0.07861556112766266,-0.2750469446182251,-0.4739381968975067,-0.7128952741622925,-0.10439039021730423,0.12594284117221832,-0.6422659158706665,-0.05601067095994949,-0.2532222270965576,-0.05692111328244209,0.16408021748065948,-0.18360432982444763,-0.5131654143333435,-0.03664417192339897,0.5282304883003235]]
[Childcare,[-0.4566597044467926,0.028183747082948685,-0.08736822754144669,-0.04273536428809166,0.5481342673301697,-0.0036508534103631973,0.13141070306301117,-0.009858415462076664,-0.29696276783943176,-0.3153170645236969,-0.5545120239257812,-0.2622527778148651,-0.11362709850072861,0.268442302942276,-0.07153824716806412]]
[Free WiFi (Rooms),[0.15403331816196442,-0.3097817301750183,0.40166085958480835,-0.4230894446372986,0.21232695877552032,-0.458560049533844,0.4733016788959503,0.45335766673088074,-0.5450221300125122,0.2741278409957886,1.0309715270996094,-0.7021006345748901,-0.18706895411014557,0.1960284411907196,-0.1239689514040947]]
[Accessible Parking,[-0.0861390233039856,0.5311509966850281,-0.1539597064256668,-0.4733812212944031,0.7672749161720276,-0.041903916746377945,-0.53218013048172,0.4330415725708008,0.25835198163986206,-0.3046305775642395,0.11758097261190414,0.42644423246383667,0.7657430171966553,0.47339820861816406,0.6509955525398254]]
[From 3 Stars,[0.11722929775714874,0.7549022436141968,-0.45276811718940735,-0.2712494432926178,0.9751388430595398,-0.02051050215959549,-0.071314238011837,0.6009461283683777,0.2060302048921585,-0.45196840167045593,0.16310374438762665,0.09326307475566864,0.46812114119529724,0.21787147223949432,0.7933369278907776]]
[Hotel,[-0.1614854633808136,-0.46591487526893616,-0.216775044798851,0.0014679415617138147,0.31233879923820496,-0.2829137146472931,0.8239731192588806,-0.4765346944332123,-0.1543121188879013,-0.19701462984085083,-0.42472079396247864,-0.4690094590187073,0.23306873440742493,-0.5455124974250793,-0.5416151285171509]]
[On-Site Boutique Shopping,[-0.31116360425949097,-0.006738034542649984,-0.316160649061203,-0.5574761629104614,0.507954478263855,0.014961859211325645,0.05565875396132469,0.051223453134298325,-0.6519295573234558,-0.21225591003894806,-0.307872474193573,-0.4928038716316223,-0.35690444707870483,-0.10678081214427948,-0.010119476355612278]]
[Sauna,[-0.4100120961666107,-0.009632550179958344,-0.6820674538612366,0.3687756359577179,0.19589784741401672,-0.22206133604049683,0.32236742973327637,-0.15265396237373352,-0.3813786804676056,-0.6278491020202637,-0.4283475875854492,-0.6862781047821045,0.46987083554267883,0.13008107244968414,-0.03478717803955078]]
