[Ski Resort,[0.038680873811244965,0.5011999011039734,-0.26000383496284485,-0.4571371376514435,0.6041537523269653,0.06448325514793396,-0.4550548493862152,0.41480985283851624,0.4949779808521271,-0.27422836422920227,-0.0634075403213501,0.1703091561794281,0.500946581363678,0.4796236455440521,0.5369248986244202]]
[Cosmetic Mirror,[-0.06675657629966736,0.29483121633529663,-0.8568445444107056,-0.25282934308052063,-0.2697426378726959,0.12648017704486847,-0.6266766786575317,0.0799875482916832,-0.23786428570747375,-0.45721760392189026,-0.010891411453485489,-0.35945120453834534,-0.10234624892473221,0.41928404569625854,0.18762663006782532]]
[Sailing,[-0.5175264477729797,0.24837329983711243,0.08292227983474731,0.001764287007972598,0.03846459090709686,0.34480252861976624,0.23997485637664795,-0.3710052967071533,0.07928350567817688,-0.7197449207305908,0.25351712107658386,-0.3244684338569641,0.23839673399925232,-0.11052782088518143,0.6082640886306763]]
[Reception (24/7),[-0.41348329186439514,-0.8204324841499329,0.02554306760430336,-0.36585620045661926,0.47580742835998535,-0.215716153383255,1.3412779569625854,-0.8199966549873352,-0.34458333253860474,-0.5347986817359924,-0.5655096173286438,-0.02724284678697586,0.5180749297142029,-0.01889697089791298,-0.4914056658744812]]
[Laundry Service,[-0.32229316234588623,0.2896464467048645,0.013292914256453514,-0.40576955676078796,0.5320092439651489,0.09263776242733002,0.0911455750465393,0.41902387142181396,0.14653509855270386,-9.708846919238567E-4,-0.1439281553030014,-0.5977905988693237,0.10748783499002457,0.2900439202785492,0.1250886768102646]]
[Fridge,[0.5361413955688477,0.276659220457077,-0.5288077592849731,-0.21662606298923492,-0.37436580657958984,-0.04174018278717995,-0.4095412790775299,-0.2245713770389557,0.4453781843185425,-0.20793017745018005,0.10632577538490295,0.1393136829137802,-0.7537293434143066,0.2306966632604599,-0.2445717602968216]]
[Hairdresser,[0.20423641800880432,-0.3039484918117523,-0.6620388627052307,-1.165586233139038,-0.0917636826634407,-0.44625523686408997,-0.6152111291885376,-0.45197978615760803,-0.17899790406227112,0.19641968607902527,0.1968671977519989,-0.2251618206501007,-0.3235015273094177,-0.286346435546875,0.8515012860298157]]
[Theme Hotel,[-0.6470537185668945,-0.19765698909759521,0.025215275585651398,0.48227301239967346,0.7902030348777771,-0.18454156816005707,-0.2886936664581299,-0.7905204892158508,0.14666008949279785,0.3015776574611664,0.23960484564304352,0.5880330801010132,-0.2236177921295166,-0.02678842283785343,0.23685011267662048]]
[Eco-Friendly hotel,[-0.29379600286483765,0.08812201768159866,-0.4108778238296509,-0.010303264483809471,0.19658643007278442,-0.011478654108941555,-0.03726334124803543,0.11128142476081848,-0.5548750758171082,-0.4579533636569977,-0.36142247915267944,-0.4388123154640198,0.11520043015480042,0.2298818826675415,-0.11744062602519989]]
[From 4 Stars,[-0.7604140043258667,0.4459080994129181,-0.515494704246521,0.23674550652503967,0.6425619721412659,0.2589114308357239,-0.1749800741672516,-0.4782784581184387,-0.9856170415878296,-0.5083582401275635,-0.3883628845214844,-0.3412065804004669,0.28461262583732605,-0.34117481112480164,0.1423465460538864]]
[Hammam,[-0.7028593420982361,0.5014886260032654,-0.7420256733894348,0.2336575835943222,0.3510052561759949,-0.10716409981250763,0.13366657495498657,-0.016191061586141586,-0.1286894828081131,-0.8572394847869873,-0.4384602904319763,-0.7953518033027649,0.1963253766298294,0.5045848488807678,-0.20716460049152374]]
[Spa (Wellness Facility),[-0.5007928013801575,0.22577837109565735,-0.43094420433044434,0.210466668009758,0.329364538192749,0.1944885104894638,0.04016236215829849,0.12058631330728531,-0.15222595632076263,-0.7650427222251892,0.518650472164154,-0.4839649498462677,0.06869538873434067,0.4197244644165039,-0.16262668371200562]]
[Teleprinter,[-0.24067972600460052,-0.3241167366504669,-0.03880966082215309,-0.5466752052307129,-0.019707975909113884,-0.801417350769043,1.116339087486267,-0.9823917150497437,-0.3026081621646881,-0.17428548634052277,-0.719100296497345,0.3210533559322357,0.24013860523700714,-0.40121182799339294,-0.929321825504303]]
[Self Catering,[0.2666240930557251,-0.2826068699359894,0.5855448246002197,-0.25983431935310364,-0.06773114949464798,-0.34873825311660767,0.5224689841270447,0.2653631269931793,0.2081555873155594,-0.09828832000494003,0.48657867312431335,-0.21170775592327118,-0.6966783404350281,0.7785051465034485,-0.6176108717918396]]
[Convenience Store,[-0.6576032042503357,0.1694718897342682,-0.26088446378707886,0.31869640946388245,0.49258020520210266,0.2124260663986206,0.02592846006155014,-0.19587303698062897,-0.5779109597206116,-0.40979108214378357,-0.7391661405563354,-0.563815176486969,0.22290655970573425,0.06444195657968521,-0.17473335564136505]]
[Bed & Breakfast,[0.21281592547893524,0.3091050684452057,-0.27250078320503235,-0.22975634038448334,-0.013643231242895126,0.022462446242570877,0.22093798220157623,0.30042845010757446,-0.3390336036682129,-0.30975812673568726,0.11441700160503387,-0.0728815421462059,-0.19923225045204163,0.2114909142255783,-0.2779431939125061]]
[Sun Umbrellas,[0.09678725898265839,-0.26429319381713867,-0.05978670343756676,-0.6748977899551392,0.15200626850128174,-0.4897408187389374,1.1485545635223389,-0.5738527774810791,-0.7409408688545227,-0.3086336553096771,-0.23377090692520142,0.3075568377971649,0.04344327002763748,-0.2757858633995056,-0.46785274147987366]]
[Skiing,[0.40894290804862976,0.580170750617981,-0.542823851108551,-0.1979103833436966,0.006252705585211515,-0.02627795748412609,0.2549690008163452,0.31803786754608154,-0.49909380078315735,-0.5128998756408691,0.2971075773239136,-0.037973325699567795,0.20704250037670135,0.3602781891822815,-0.16603565216064453]]
[House / Apartment,[0.2711736261844635,-0.2590428590774536,0.3192921578884125,0.5700355768203735,0.47629037499427795,-0.9533308148384094,0.42539992928504944,0.8343040347099304,0.5771558284759521,-0.8119634389877319,0.36378639936447144,0.4997665286064148,-1.5012362003326416,0.39358586072921753,-0.3011230528354645]]
[Non-Smoking Rooms,[-0.14972296357154846,-0.13672833144664764,-0.18591567873954773,-0.4446795880794525,0.2604934275150299,-0.12819793820381165,0.550605297088623,0.4782237112522125,-0.04978657513856888,0.28729522228240967,0.3664206862449646,-0.2986578047275543,-0.3217034637928009,0.14800721406936646,-0.44621148705482483]]
