[Satisfactory Rating,[-0.17263299226760864,0.14969806373119354,0.40513724088668823,-0.21448355913162231,0.4275006353855133,-0.43068060278892517,-0.08701853454113007,-0.4099521040916443,-0.12477652728557587,-0.35937026143074036,-0.939119815826416,0.026594504714012146,0.09098999947309494,-0.021481383591890335,-0.6584216356277466]]
[Country Hotel,[-0.2777494192123413,-0.3967490792274475,0.14182698726654053,-0.4643486440181732,0.042844854295253754,-0.3601595461368561,0.9216986894607544,-0.5922273993492126,-0.44620877504348755,-0.2460361272096634,-0.12565869092941284,0.18792971968650818,0.12232392281293869,-0.19222864508628845,-0.33778488636016846]]
[WiFi (Rooms),[0.7086109519004822,-0.4033776521682739,-0.3737209141254425,-0.4534918963909149,-0.020672695711255074,0.5955748558044434,-0.3568686842918396,-0.6217247247695923,0.25436627864837646,0.04096027463674545,-0.11334040015935898,-0.026442857459187508,-0.7019323706626892,0.8346740007400513,0.17596903443336487]]
[Electric Kettle,[0.20177853107452393,0.3795071840286255,-0.43114638328552246,0.14694510400295258,0.05892068147659302,0.024199407547712326,-0.13947615027427673,-0.22538809478282928,-0.14462122321128845,-0.14064380526542664,0.08861934393644333,0.11277290433645248,-0.40924450755119324,0.8044852614402771,-0.25178593397140503]]
[Deck Chairs,[-0.04701569303870201,0.2790050804615021,-0.36944130063056946,-0.4730786979198456,0.19355235993862152,0.07189195603132248,0.18863867223262787,0.05132147669792175,-0.6048405766487122,-0.06734415143728256,0.24228452146053314,0.043668728321790695,-0.41871538758277893,0.14997991919517517,-0.02410445362329483]]
[1 Star,[0.31284433603286743,-0.3842242956161499,-0.39875033497810364,-0.5932406783103943,-0.31613820791244507,-0.18863289058208466,-0.5405622720718384,-0.24929828941822052,0.2046261578798294,0.3084515929222107,0.11959373205900192,-0.14465424418449402,-0.1256747841835022,0.021717499941587448,0.21264353394508362]]
[Hot Stone Massage,[-0.5490590929985046,0.26938751339912415,-0.2078346163034439,-0.18199224770069122,-0.08105994015932083,0.26417165994644165,0.06829643249511719,-0.0603928416967392,-0.2495846003293991,-0.8374642133712769,0.5467174649238586,-0.4011555314064026,-0.025621721521019936,0.23463380336761475,0.3449033796787262]]
[Surfing,[-0.2558489441871643,0.14825725555419922,-0.2455918788909912,-0.14272627234458923,0.004227724391967058,0.3036375343799591,-0.01398536842316389,0.0683097392320633,-0.19029191136360168,-0.8690688610076904,0.4134553372859955,-0.43081605434417725,-0.04035830870270729,0.4640410840511322,0.6166934370994568]]
[Very Good Rating,[0.3049650490283966,0.012664003297686577,0.1328151673078537,0.5696394443511963,0.058897145092487335,0.2525739371776581,-0.20781384408473969,-0.6053525805473328,-0.12326858937740326,0.10401517897844315,0.2708051800727844,0.3727632164955139,-0.27895206212997437,-0.18833787739276886,0.4686947762966156]]
[Romantic,[0.21983709931373596,0.3100093603134155,0.1278989315032959,-0.8482919931411743,0.32080525159835815,-0.015028173103928566,0.4479219317436218,0.5390332341194153,-0.6212847232818604,0.11440940946340561,1.1088831424713135,-0.1833738386631012,0.2712409794330597,0.3273599147796631,-0.24930641055107117]]
[Minigolf,[-0.5959187150001526,0.0586823970079422,-0.288055956363678,0.7984428405761719,0.32709240913391113,-0.21884649991989136,-0.18378125131130219,-0.9010943174362183,0.07182267308235168,-0.0935167521238327,0.6523116230964661,0.6351688504219055,0.5596396327018738,-0.10426414012908936,0.463819295167923]]
[Casa Rural (ES),[0.3160676956176758,0.40742674469947815,-0.4140845835208893,0.2610551118850708,0.09284801781177521,0.20756947994232178,0.21692386269569397,0.19264984130859375,-0.17835958302021027,-0.5333603024482727,0.010525724850594997,-0.19058489799499512,-0.12827758491039276,0.4274529218673706,-0.16897760331630707]]
[Design Hotel,[-0.49298667907714844,0.1828765571117401,-0.0299457386136055,-0.10020074993371964,-0.412835955619812,0.223195418715477,0.33098104596138,-0.1272526979446411,-0.21695953607559204,-0.9612114429473877,0.16671207547187805,-0.5875791311264038,-0.06883774697780609,0.09096338599920273,0.4609295129776001]]
[3 Star,[-0.5965389609336853,0.2995494306087494,0.07940219342708588,-0.10368332266807556,0.38950225710868835,-0.030710095539689064,-0.5996300578117371,-0.052809733897447586,0.16230665147304535,-0.2047087699174881,-0.17533661425113678,-0.22892601788043976,0.43818414211273193,-0.021333780139684677,0.353620707988739]]
[Washing Machine,[0.7202817797660828,-0.03655235096812248,-0.487790048122406,0.3299805521965027,-0.07777756452560425,-0.44696712493896484,-0.6512578725814819,-0.3697366416454315,0.8359943628311157,-0.04582147300243378,-0.33365827798843384,-0.15692976117134094,-0.7244815826416016,0.831676185131073,-0.2591494917869568]]
[Bowling,[-0.452763170003891,0.1677774041891098,-0.263962060213089,0.15870539844036102,-0.008128022775053978,0.23242616653442383,0.1541140377521515,-0.09706418961286545,-0.20135876536369324,-0.7263462543487549,0.18754853308200836,-0.44983136653900146,0.1792544573545456,0.18711385130882263,0.468810111284256]]
[Microwave,[0.4576377272605896,0.257376492023468,0.14813759922981262,-0.25461333990097046,0.026611855253577232,-0.16783282160758972,0.13587002456188202,0.5066842436790466,0.6979207396507263,-0.8805644512176514,-0.4228702783584595,0.5429894924163818,-0.351409375667572,0.6033570766448975,0.36784273386001587]]
[Diving,[-0.10231576859951019,0.16292208433151245,-0.3784041702747345,0.021011121571063995,0.22337210178375244,0.1692766547203064,0.06480170786380768,1.703102607280016E-4,-0.7581515908241272,-0.5378277897834778,-0.1875818818807602,-0.28598275780677795,0.16765210032463074,0.13175421953201294,0.4210488200187683]]
[Beach,[0.10989727079868317,0.5511043667793274,-0.04226849973201752,-0.373154878616333,0.5129683613777161,-0.00215441407635808,-0.2735905945301056,0.20647919178009033,0.33463919162750244,-0.411672443151474,0.026724910363554955,0.3934140205383301,0.5784705877304077,0.35176390409469604,0.3494057357311249]]
