[Car Park,[-0.24257224798202515,0.2639085650444031,0.1446123570203781,-0.004735278431326151,0.05524218827486038,0.019078413024544716,-0.024912014603614807,0.010675573721528053,0.1999761313199997,-0.4869574010372162,-0.005442951340228319,-0.24798713624477386,0.17586536705493927,0.4757460653781891,0.422084242105484]]
[Cable TV,[-0.07867909967899323,-0.31186816096305847,0.0974627137184143,-0.41804787516593933,0.05312125384807587,-0.4552733898162842,1.0977566242218018,-0.44818493723869324,-0.43065840005874634,-0.2491258978843689,-0.450516015291214,0.07526451349258423,0.3330309987068176,-0.3016408383846283,-0.20328199863433838]]
[Steam Room,[-0.3807009160518646,0.013957629911601543,-0.49229639768600464,0.6199862957000732,0.13832366466522217,-0.058507032692432404,-0.11017932742834091,-0.6498450040817261,-0.2877156138420105,-0.2169138789176941,0.49468347430229187,0.09543892741203308,0.7709633708000183,-0.17659425735473633,0.598861813545227]]
[Volleyball,[0.3200471103191376,-0.3034687340259552,-0.7129720449447632,-0.8982425332069397,-0.28286755084991455,-0.29837849736213684,-0.6645038723945618,-0.40730810165405273,0.09981199353933334,0.11933253705501556,0.12043897062540054,-0.41164088249206543,-0.44138121604919434,-0.028248297050595284,0.425618052482605]]
[Porter,[0.044024839997291565,0.36491644382476807,-0.017231706529855728,-0.6603094339370728,0.5382840037345886,-0.03811153396964073,0.6766977310180664,0.4954295754432678,-0.30846521258354187,0.28287968039512634,0.9875822067260742,-0.5305930972099304,0.06312315165996552,0.5629584193229675,-0.5424352884292603]]
[Wheelchair Accessible,[-0.28792646527290344,-0.6930361390113831,0.13013453781604767,-0.22169175744056702,0.05302783474326134,-0.9590633511543274,1.0213698148727417,-0.48238205909729004,-0.6701301336288452,-0.4011889100074768,-0.27404922246932983,-0.005095494445413351,0.5824123024940491,-0.3977634310722351,-0.5387805700302124]]
[Openable Windows,[-0.3339817225933075,0.21320319175720215,-0.25015002489089966,-0.18678291141986847,0.274335116147995,0.2548771798610687,-0.0018955846317112446,0.49954068660736084,-0.1497858464717865,-0.40916958451271057,0.5264619588851929,-0.09633854031562805,0.11865273118019104,0.12922155857086182,-0.09405086189508438]]
[Table Tennis,[-0.23093470931053162,0.3419094383716583,-0.5484258532524109,-0.25732913613319397,-0.017161183059215546,0.10072847455739975,-0.14750729501247406,-0.0086899409070611,0.1949017196893692,-0.7311550378799438,-0.012969004921615124,-0.6292351484298706,0.017931263893842697,0.49930480122566223,0.32948777079582214]]
[Television,[-0.5491349101066589,-0.20874334871768951,-0.1730126142501831,0.28318676352500916,0.025059780105948448,0.1982048749923706,-0.14662712812423706,-0.4482375979423523,-0.42264625430107117,-0.39381882548332214,0.5800283551216125,0.7658124566078186,-0.06346290558576584,-0.09849457442760468,0.49121519923210144]]
[Accessible Hotel,[0.15571647882461548,0.4744729697704315,0.028190936893224716,-0.828381359577179,0.5275909900665283,-0.13532119989395142,0.5203243494033813,0.6756954789161682,-0.45192742347717285,0.21277795732021332,0.704950213432312,-0.42893844842910767,-0.10531904548406601,0.48183274269104004,-0.5728791356086731]]
[Direct beach access,[-0.4333445727825165,0.006766838487237692,-0.16863587498664856,0.6745834946632385,0.15424925088882446,-0.20893649756908417,-0.15272286534309387,-0.8196860551834106,-0.06453599035739899,-0.14580248296260834,0.65912926197052,0.362126886844635,0.5351866483688354,-0.2263258546590805,0.5839309096336365]]
[Jacuzzi (Hotel),[0.005390551406890154,-0.2012827843427658,-0.6361733675003052,-0.7206419110298157,0.08452683687210083,-0.18252824246883392,-0.4974220097064972,-0.27915847301483154,-0.3217085599899292,-0.08321518450975418,0.3608901798725128,-0.3827466666698456,-0.22680968046188354,-0.15444156527519226,0.7575808763504028]]
[Restaurant,[-0.5670353770256042,0.3665658235549927,0.10239405184984207,-0.3918963074684143,0.5447627305984497,0.40024641156196594,-0.2224193662405014,0.03395429626107216,0.31517186760902405,-0.6490831971168518,-0.022314824163913727,-0.23283320665359497,0.2387225180864334,0.18389219045639038,0.6686949133872986]]
[Hairdryer,[0.33008047938346863,0.6329982876777649,0.05649499595165253,-0.14818882942199707,0.5865703225135803,-0.33630385994911194,-0.1455906480550766,0.30118101835250854,0.3049441874027252,-0.5251056551933289,-0.29136189818382263,0.06456991285085678,0.7027361989021301,0.5642427802085876,0.7710978388786316]]
[Balcony,[0.10760251432657242,-0.054860908538103104,-0.09433665126562119,0.3526375889778137,-0.3682076632976532,0.07525379210710526,-0.47551825642585754,0.04803852364420891,-0.36205801367759705,-0.37958693504333496,0.022880161181092262,-0.038546718657016754,-0.6663230657577515,0.6721222996711731,-0.3660961985588074]]
[Convention Hotel,[-0.1747785210609436,0.25196078419685364,-0.02826670929789543,-0.6556182503700256,0.9540162682533264,0.08586560189723969,-0.6754364967346191,0.3251425325870514,-0.0016759816789999604,-0.1340511292219162,-0.04850395396351814,0.32135507464408875,0.7535256743431091,0.17439809441566467,0.7520999908447266]]
[Playground,[-0.3207229673862457,0.07035093754529953,-0.4887131452560425,0.2521929144859314,0.23301507532596588,0.11349140852689743,0.18954311311244965,-0.034410979598760605,-0.4366399943828583,-0.44561582803726196,-0.24947354197502136,-0.4205724596977234,0.31175678968429565,0.2886125147342682,-0.035796307027339935]]
[Terrace (Hotel),[-0.3841061294078827,-0.06415263563394547,-0.14100302755832672,0.48695504665374756,0.15550081431865692,0.02838648483157158,-0.23586969077587128,-0.832465410232544,0.09659402817487717,0.06040031462907791,0.5188619494438171,0.48384997248649597,0.106226846575737,0.3605943024158478,0.5167562365531921]]
[Casino (Hotel),[0.07758859544992447,0.2432231605052948,-0.20594128966331482,-0.8001602292060852,0.9464966654777527,-0.26536038517951965,-0.15427173674106598,0.29662612080574036,0.6521062850952148,-0.15164709091186523,-0.6657716035842896,0.13231699168682098,0.7840044498443604,0.7863923907279968,0.6175475716590881]]
[Gay-friendly,[-0.28236764669418335,0.45473745465278625,-0.2648216187953949,0.3561813533306122,0.12765756249427795,0.13294032216072083,0.3597113788127899,-0.156871497631073,-0.7582083344459534,-0.5077980756759644,-0.23522120714187622,-0.24169626832008362,0.2641719579696655,0.1401277482509613,-0.1799403727054596]]
