[Szep Kartya,[0.1627873033285141,0.26293158531188965,0.08747999370098114,-0.322751522064209,0.5135785341262817,-0.26417937874794006,-0.2584508955478668,0.17396609485149384,0.45807790756225586,-0.06903018057346344,-0.5645121335983276,0.020103061571717262,0.4168942868709564,0.38785025477409363,0.24353785812854767]]
[Airport Hotel,[-0.4461507201194763,-0.0811828076839447,0.01902596652507782,0.235758975148201,0.591681182384491,0.0035084302071481943,-0.41720345616340637,-0.6466737985610962,0.008542090654373169,0.3852906823158264,-0.06830975413322449,0.43150943517684937,-0.2709912657737732,0.01509498618543148,0.07513970136642456]]
[Room Service (24/7),[0.1544429510831833,0.5775882005691528,-0.7053330540657043,-0.5163896679878235,0.2325442135334015,-0.14475227892398834,0.1725563108921051,0.2752416729927063,-0.6070693135261536,-0.2671578526496887,0.3049575388431549,-0.08781677484512329,0.20492221415042877,0.20778125524520874,-0.27873364090919495]]
[Solarium,[-0.5218956470489502,0.29781702160835266,-0.23586620390415192,-0.13888242840766907,0.0018390605691820383,0.2640421986579895,0.13991093635559082,-0.17154249548912048,0.10908079147338867,-1.1420555114746094,0.15046045184135437,-0.5153127908706665,0.0888180136680603,0.020587459206581116,0.49024632573127747]]
[Hypoallergenic Bedding,[-0.02290303073823452,0.10676155239343643,-0.24194148182868958,-0.7843149900436401,0.9974343776702881,0.06843334436416626,-0.5196512937545776,0.5345552563667297,0.5401734113693237,-0.22763891518115997,-0.30433905124664307,0.3283671736717224,0.5809615850448608,0.5418050289154053,0.7533059120178223]]
[Doctor On-Site,[-0.41851741075515747,-0.06706641614437103,-0.2949541211128235,-0.0556124672293663,0.3868677318096161,-0.037692103534936905,0.20963813364505768,-0.14003093540668488,-0.48349353671073914,-0.40173640847206116,-0.561414361000061,-0.23995555937290192,-0.2904660701751709,0.2918601930141449,-0.24976956844329834]]
[Hotel Bar,[0.027117474004626274,0.005557536613196135,0.011924751102924347,-0.39617428183555603,0.24492791295051575,-0.46448060870170593,1.0584402084350586,-0.3272334039211273,-0.64470374584198,-0.17047680914402008,-0.5627731084823608,0.3026655614376068,0.10844116657972336,-0.19832897186279297,0.021372435614466667]]
[Large Groups,[-0.1560809314250946,-0.32015812397003174,-0.7018417119979858,-0.8448548316955566,-0.07907625287771225,-0.06307975947856903,-0.6142834424972534,-0.2548155188560486,-0.18974049389362335,-0.0168459452688694,0.09846971929073334,-0.35312896966934204,-0.40535274147987366,-0.18495576083660126,0.7146944403648376]]
[Farmstay,[-0.2695390284061432,-0.3513762950897217,-0.08430589735507965,0.11377302557229996,-0.08379348367452621,-0.34543460607528687,0.7504773139953613,-0.698753833770752,-0.07940451055765152,-0.2075953334569931,-0.1972588151693344,0.05568534880876541,0.013845722191035748,0.04050982743501663,-0.7004528641700745]]
[Conference Rooms,[-0.22394025325775146,0.3098309338092804,-0.6183345317840576,-0.46231991052627563,0.05322602763772011,0.07571429014205933,-0.5178778171539307,0.4062776565551758,-0.376071572303772,-0.292538046836853,0.40321072936058044,-0.4686131179332733,0.008899224922060966,0.24203462898731232,-0.17198748886585236]]
[Health Retreat,[0.03659145161509514,0.38076502084732056,-0.30825331807136536,-0.8270609378814697,1.0710643529891968,-0.3250710964202881,-0.23659144341945648,0.40122950077056885,0.7824985384941101,-0.2414885312318802,-0.44809675216674805,0.16853788495063782,0.7094573378562927,0.6717150807380676,0.7091262936592102]]
[Concierge,[-0.530893862247467,-0.22062861919403076,-0.006256485357880592,-0.6566961407661438,0.7939831018447876,-0.36445844173431396,0.5765689611434937,0.32396242022514343,0.13272130489349365,0.6649931073188782,0.8483982086181641,-0.6992303729057312,-0.31561076641082764,0.1333160400390625,-0.21503868699073792]]
[Ironing Board,[0.46787962317466736,0.3628731966018677,0.29827672243118286,-0.34737226366996765,0.23374047875404358,0.13138003647327423,0.12664581835269928,0.3353191018104553,-0.25998473167419434,-0.11351022869348526,0.5554341673851013,-0.15938422083854675,0.07642862945795059,0.6180127263069153,-0.36925598978996277]]
[Honeymoon,[0.11293752491474152,-0.2327650487422943,-0.602209746837616,-1.0690854787826538,0.015532593242824078,-0.058570489287376404,-0.49865400791168213,-0.45345404744148254,-0.3002645671367645,0.12083357572555542,0.3180888593196869,-0.39155325293540955,-0.425721138715744,-0.437604159116745,0.8813797831535339]]
[Nightclub,[-0.011558987200260162,0.30579861998558044,-0.28354233503341675,-0.7755832076072693,0.9523084163665771,-0.046559177339076996,-0.2640216648578644,0.3340732753276825,0.6262087821960449,-0.23171940445899963,-0.2569970190525055,0.23467186093330383,0.6469378471374512,0.7428029775619507,0.8288091421127319]]
[Tennis Court,[0.28281334042549133,0.36777088046073914,0.137446790933609,-0.5380865931510925,0.3198637366294861,-0.1707429587841034,0.3331485688686371,0.6112671494483948,-0.49447762966156006,-0.05607180669903755,0.8348373174667358,-0.33779165148735046,0.10813333839178085,0.48998045921325684,-0.3763352036476135]]
[Free WiFi (Public Areas),[0.38238221406936646,0.01978149451315403,-0.780495822429657,-0.022405629977583885,-0.45027148723602295,-0.3359939754009247,-0.8743650317192078,-0.24620375037193298,0.03323114290833473,-0.004403948318213224,0.6150211691856384,-0.2627251148223877,-0.028588609769940376,0.38530007004737854,-0.07469641417264938]]
[Gym,[0.05465518683195114,0.6361769437789917,-0.28386107087135315,-0.5030878782272339,0.5112648606300354,-0.041543956845998764,-0.30620887875556946,0.3202601373195648,0.862739086151123,-0.26839521527290344,-0.4008689820766449,0.10957387834787369,0.6983456611633301,0.7276272177696228,0.5865324139595032]]
[Towels,[-0.6988943815231323,0.06647514551877975,-0.1275031864643097,0.6976481676101685,0.7503666877746582,-0.23631997406482697,-0.3300711512565613,-0.7632513642311096,0.12056752294301987,0.21043241024017334,0.5550395250320435,0.7704474925994873,0.17580176889896393,0.006668774876743555,0.3351106643676758]]
